diningtable:
  x: 6.586307048797607
  y: 3.26304292678833
  z: 0.00
drawer:
  x: 3.9749693870544434
  y: -5.467464923858643
  z: 0.00
sidetable:
  x: -1.9149785041809082
  y: -5.467443943023682
  z: 0.00
countertop:
  x: -8.066040992736816
  y: -1.3196996450424194
  z: 0.00
