diningtable:
  x: 0.9343223571777344
  y: 0.8221685290336609
  z: 0.00
dresser:
  x: -2.662391424179077
  y: -0.8367622494697571
  z: 0.00
countertop:
  x: -1.2499260902404785
  y: 5.853021621704102
  z: 0.00
garbagecan:
  x: 1.2507909536361694
  y: 6.223381042480469
  z: 0.00
